11 22 50 101 188 336 587 1005 1681 2738 4336 6677 10010 14636 20913 29261
  11 28 51  87  148 251 418 676
    17 23 36  61  103  167 258
      6  13  25 42   64  91
       7   12  17  22  27
         5    5  5   5
           0   0   0
           
           
19 40 70 123 236 482 1000 2066 4237 8616 17319 34283 66661 127274 239084 443728 818448 1510615 2809386 5296041 10160917
  21 30 53 113 246 518 1066 2171 4379 8703 16964 32378 60613 111810 204644   374720 692167 1298771 2486655 4864876
   9 23 60 133 272 548 1105 2208 4324 8261 15414 28235 51197 92834 
    14 37 73 139 276 557 1103 2116 3937 7153 12821 22962 41637 
      23 36 66 137 281 546 1013 1821 3216 5668 10141 18675 
        13 30 71 144 265 467 808 1395 2452 4473 8534 
           17 41 73 121 202 341 587 1057 2021 4061
             24 32 48 81 139 246  470 964  2040
               8 16 33 58 107 224  494  1076
                8 17 25 49  117  270  582
                 9  8  24 68  153  312 
                  -1 16  44  85  159 
                    17 28  41  74
                    
                    
                    
Depth 3:
1 2 4 7 - d0
 1 2 3  - d1
  1 1   - d2
   0    - d3
   
2 4 7 11 - d0
 2 3 4   - d1
  1 1    - d2
  
1 1 2 4 7
 0 1 2 3
  1 1 1
   0 0
 
 
  